<?xml version="1.0"?>
<opencv_storage>
<img_shape type_id="opencv-matrix">
  <rows>2</rows>
  <cols>1</cols>
  <dt>d</dt>
  <data>
    1024. 1280.</data></img_shape>
<rms>3.9566654359658049e-01</rms>
<cam_int type_id="opencv-matrix">
  <rows>3</rows>
  <cols>3</cols>
  <dt>d</dt>
  <data>
    3.4523929064616173e+03 0. 5.8717315168994207e+02 0.
    3.4499242926207639e+03 5.2144602389828606e+02 0. 0. 1.</data></cam_int>
<cam_dist type_id="opencv-matrix">
  <rows>1</rows>
  <cols>5</cols>
  <dt>d</dt>
  <data>
    -2.2226533655183883e-01 -8.6613132746571164e-01
    -7.2783917078910615e-04 -1.6883925667905996e-03
    3.1254111745630970e+00</data></cam_dist>
<proj_int type_id="opencv-matrix">
  <rows>3</rows>
  <cols>3</cols>
  <dt>d</dt>
  <data>
    1.9403548063909041e+03 0. 4.5414218829316445e+02 0.
    1.9290450248586862e+03 7.3526640407097136e+02 0. 0. 1.</data></proj_int>
<proj_dist type_id="opencv-matrix">
  <rows>1</rows>
  <cols>5</cols>
  <dt>d</dt>
  <data>
    -9.7969396168393119e-02 1.0328302749511826e+00
    -1.3702769174003121e-03 -8.5997132937782484e-03
    -6.3802538689365456e+00</data></proj_dist>
<rotation type_id="opencv-matrix">
  <rows>3</rows>
  <cols>3</cols>
  <dt>d</dt>
  <data>
    9.9895420536792012e-01 1.4846049056857389e-02
    -4.3244541911652327e-02 -1.2533420122375008e-02
    9.9850166606292512e-01 5.3266652322056254e-02 4.3970546480380658e-02
    -5.2668944331210582e-02 9.9764351015042063e-01</data></rotation>
<translation type_id="opencv-matrix">
  <rows>3</rows>
  <cols>1</cols>
  <dt>d</dt>
  <data>
    9.0082146209645785e+01 -6.3720658855506633e+02
    -1.5459505325597567e+02</data></translation>
</opencv_storage>
